69
976
558
256
525
434
505
147
203
207
371
214
65
828
902
745
112
641
309
23
232
876
949
666
126
179
348
773
471
5
30
976
227
579
303
698
173
728
971
678
551
194
144
980
466
252
293
570
762
953
844
471
112
255
434
293
650
574
856
345
309
595
394
735
275
214
956
646
615
260
949
446
12
506
683
809
125
959
358
261
472
516
497
405
196
922
722
198
914
976
427
973
624
456
897
859
479
749
418
754
838
204
20
742
527
875
512
811
776
10
21
790
84
389
120
587
744
51
217
35
394
454
9
32
370
903
24
535
501
117
172
535
534
546
891
756
413
890
897
627
44
241
477
882
324
416
534
278
951
508
859
127
766
811
895
884
106
459
979
303
399
913
366
156
469
891
328
443
992
699
116
624
248
960
483
235
603
490
717
153
509
602
651
798
594
892
656
301
98
674
430
15
51
126
812
635
277
835
733
463
94
545
276
348
701
979
771
615
724
487
611
801
271
497
758
493
794
372
608
217
886
886
980
107
75
687
451
673
450
758
807
725
641
576
342
483
266
750
681
825
381
897
108
378
897
717
640
598
978
991
388
26
156
125
195
671
581
688
382
842
457
208
434
103
39
5
788
451
833
133
385
973
897
726
58
671
366
450
517
63
166
218
775
172
461
321
349
896
548
126
657
25
749
629
713
123
242
907
276
942
398
971
566
903
467
658
235
733
474
515
112
587
786
632
333
341
751
175
918
8
436
828
993
763
611
272
690
644
272
598
953
528
950
6
693
747
537
968
787
568
899
374
190
790
690
166
762
687
262
99
20
829
488
575
1
323
782
455
575
382
412
595
664
447
364
424
450
997
486
356
996
331
834
630
852
604
106
711
659
46
93
177
769
938
614
738
821
255
923
237
909
325
793
37
956
381
229
31
761
754
806
987
60
403
150
558
83
401
14
808
523
520
865
429
538
339
441
537
145
256
430
909
328
981
133
921
825
550
381
181
566
85
660
392
646
156
40
556
130
289
586
772
398
159
757
442
355
797
173
577
530
533
402
612
155
227
443
274
723
207
607
631
652
26
566
472
470
649
919
962
595
497
35
127
57
87
166
198
272
666
566
54
43
760
835
887
363
226
895
436
839
788
767
25
184
877
287
526
881
671
508
621
476
220
947
14
886
781
263
907
101
456
